Auno DOMINI occccnxvn.

GUNZO GRAMMATICUS

DIACONUS NOVARIENSIS

NOTITIA 6161066616 GUNZONEM

(Histoire 1111166116 6616 Franco, tom. 111, pag. ¹386.)

m

i. Α 06 66 6661 1616666661616661 666161 666 (166161
(166166 6161166 6616 66661 commun 66 116666 61 n'oit 616 66 66 nombre. 116 661611 61661 stabii enre-
les 6666 6616166 66 x· siecle. On 66616 66 6161116 66116 66 66116, 66616-6116 666 66 Gunzon appele
6611661611, 616616 66 1661166 66 11666116, 1661116 d’ltaiie 616 6661 601166 661 6161666161611161666116
6 666 161116 6 61166, 666666 6611616611. 0166116 Vi· meme que 16 616616 66 Νο66116, 661 6666611 666
1616. ιιι, p. 198) 6666 1611 6661161116 66 661161166- 1616 6661 666111661 6616611166, 666 16 66666161-
6611166161166666116166666661666686686661811166666 666ΐὲ616666 66 verneil, 66611 1666616 6 666 16-
6661 6116616666166 6616 66 , 1 - 1 . -
6666666966 666 corps, 66971. On trouvepoussi 66 (16116 61616616616666 166611 666 nouvelle 1616666
1161616166 Gunzon (11116. An. 1· 1., n. 3³, 611116 66 66 666 611661166166116611166 166666616666661611
861616-(161611166 6 Sene, 666616 regne 6 Hugues en usage 6661 16 111616116116. Le roi 01166, 611-11,
(1666111616 66 66111611 166166 616616, 661 666 166116- 111 66666616611161161166 6116666 regnante 6116 66616
166 616161661166166 (Mser. 6616. Coo. Ι, 6. 291, 265), 616666 6666 666111616611616 66616666 661616666161-
1111111111611111111111111111,11 11111111111111111111111111,113111
6611 donner le 11116 66 (1166116611166. 66111 66 m'on 61161; 61 je 161 promis de 66611. 116
116116, 666661111661666161616166666166666116 66116, 166616-111, 666 je 661116 6666 161 6116116, 61
(166166 6111616616166 66 166116. Mars, 61 166 re· 6661666166166116611661666611661666666116666166-
6166 66 6166 166 61 666 166 6661616661666 1661 666 66661666661 6611611616661 6 66 66616616611666, 61
11616116, 1166 6611616 66616116666666 666116 661· Β 666666661 166616 666 (166166 661611 666 1631116616 6
111111111111111111111111111111111 111111111111111111111111111601 11
661 11616 66 666166161166 666 16 616616116 66161 61Ι 16 1161616116 66 6666 instruit 6116 66166616666666
6611616 66 166166666 666661 666 666166 666 1616666 166616 66 16 616 66 (166166 depuis qu’il 661 666661
6611666166 6661 6161661 66 16611161161166661666666 16 6661 6011661161616 61616616616666 661166661661
611661 61166 66 16666611661. (166166 6661 66 6 16 6 66 661661. 11 y 6 1661116666 616116 666 1116666,
616666 66661661166666166616666666661611616166 ayant 11166666 666661616616 166 6666616 11116161166
6166116661116161, 16116 (1666116166.Ι u'ii 66161161666666, 161666 66 6116616666 61 161
Sur 66 61166166116661 aisement 66 16116666 Gun· 16666 6661666 66661166 66 [61166166661 11 61611666,
6661166116 ¹pprgegglrpp 66 11666616, 66101 16 1166616666 6661666 66 16616616166661οὲἑ16666666ιο616 6.
61111611011163166111 16616111106111161616111666616686οέ( 1611611611ξὲ 161111666Ἑ1ρ611110616611 ι61111111 {weg
16 meme que (166166 16 (116666611161. 11 66 66611 61666666 66661666 66 1616616666 1611666116666666
6166 666 66 6166666 6661 16661161 666 666 616616 gessem. (1661116661 66611 66 666611 61 666 biblio-
veraciores 666666166 1166661 166616 666616166616 1116666 116116 6661 16 166166, 61611 1611 propre 6
ΡΘ118111611116666666166666616166661166616661666 611186118111ιέ61616ξὲ1ιὲ1111111116161161111686111118 pomi-e
66166666666666 6661611166. (161611 6616 16 1611166 61116611166116 666 16 166166 66166666 661 61611 1666·
66 66 6111616666 (166166 61616611 16 61666661 6666 G 166 66 61666661 66 116116 6611 616666 66 666616666 66
1661166 66 11666116. Ge 161 66616666 616666 66166 1161161116. 16161116 611666 611166 66161666661661, 66,
66 16611166 66661166 161 66616666 ; 61 16 616116 6661 1616616116, 66 1611 1666 166 jours.
166166 616611 6666616 66 1177, 6666 66616 6666 66 Α 166 666116166666666661611 16 (116611661666
ige 666666. 661 fe memeque 16 616616 61 16 61611666 meme nom
Auiani 166 differentes 6666666 qu'on 6166161661- 6166 166166 16616611 6661666 possible de 61661161
6661666616666616666 meme 66166666, 6616111 161 16 166166 611666 6166616 66 (166666 66 (1666166,
convient aussi 16 6611616 66 166166666. (1611166 16 66116 66 861616661616116 611666116666661111161166

(1166161611166 6666 66616116 161-1661116 666 16 161 1611661(1.11,ὺ6.25,116), 6 661 16616166 contraire

01166161666616611616 6666 6661116166661161161- 66616 616116 6, n’o 66161161166116666661 161·
16166 1616611 61616 661116. (166611 611 66 1611111666 6616 6166666 16616616166661 66166661 666166 psoris
66116 116661616161166, 61166 116166 6611 66116· 6666 166661661,66616161661 ne 6611661166166666611 16-
161, 6666 66666616666661116 16 6 1116116 supet 66 16611666. il 66166661661, 6666 6611, 666 (1611161116
666 666666666166166166666.116’6666’6 16666161 (116666611166 66161 {amois 616166161666161116666
16116661 66666 611661166 6666611 11161166, 11616 66 861116-6616111116.6661 oe 661661 visible 1166666·
60116616111161666 6661666616 616166666616166 lomoni 6166 66’666166166166 1161666 66666-
6611661166,166616666666166611161166661661161. monis 666616,111616616616661 66166661611666

 

